jointFriction = 10
flexibleFriction = 0.05
fMax = 10
numOfSubBoxes = 3
p = 1000
i = 600
d = 80
sc = 20
mu = 5
slip1 = 0.001
slip2 = 0.001
soft_erp = 0.4
soft_cfm = 0.001
erp = 0.2
cfm = 0.000001
controllerFreq = 400
L = 0.000309
R = 6.44
maxVolt = 21.6
K = 0.0195
B = 0
stiffness = 0.7
frameLen = 0.001
ReductionType1 = 201.3
ReductionType2 = 130.85
measureStart = 150
measureStop = 250


