{
    "target": 394.07096100920063,
    "params": {
        "bias": 5.0,
        "dir_weight": 4.85251700697139,
        "eff_weight": 0.25,
        "height_weight": 25.0,
        "vel_weight": 1.0
    }
}